2000
1267053945
759564682
1244822997
1314115662
-766501960
-401009979
-1535942990
-1818535042
-885164419
-2044346343
51520591
-1458070215
-113561604
1490221164
-1914513449
251779294
-1083813780
118130897
-1547333239
-977709771
-1602441166
-190327340
-1450610313
-1667801113
288139327
-1156592105
-553656183
-1623485391
-821762891
196932125
-1290510904
2026461396
364658128
-1763474075
306011097
-290797232
363051779
100613306
-320933178
-1661174192
1720919137
895286729
1837132292
-653727385
-322779586
-574061580
88202929
-244238339
-1223996650
699334245
403671580
185397635
-500248659
-326829212
-303797110
610845933
22844790
-1588644627
-347709385
-1688192671
324204344
185799293
2101467290
534066732
-1416002578
2028794924
-1395928595
-1220307467
-628661266
-992503040
-959138580
907950388
325610574
957432447
-910216484
-255439900
139822211
-2118107259
1922719182
-440094090
1165705802
-1472055208
1957593380
16306697
2077482954
414075385
14712404
-2098255912
-2079854598
-1044140356
-1335381524
-205167629
1870361920
822327834
-745626411
757660466
-1513931174
-380682810
1106709979
-27761563
1511566721
927771645
173926252
920548560
1159744971
626887458
-1134256737
-1270706218
-709240112
1849626249
-1146054536
-1956667917
769040016
47900818
-654137750
-356581649
-1732425324
-762664454
-671347940
-1351357616
1961929042
-2040446355
392115823
1556543759
794878165
489911902
301361088
-1345800305
769984413
944856603
808108394
232625866
-831171901
762331675
2046464142
-1346073139
-1115935648
-362452838
1051053333
2092774502
1243012399
-2008569753
391386614
-762756070
1636084849
1318507772
-1536709196
-229591972
-175269360
1768249295
-1369097430
-416356868
-1567090937
-663647513
-1819258230
-1667067427
-206086144
367110321
249105059
-1736347925
192044606
-1423022829
-608755103
-1330920629
1235038909
-1091206207
-1185711462
-540322605
-1348612201
-2010185777
237561863
-2127795013
-686406744
1205115016
1750180239
561439381
-1049256843
-894118019
1313263307
1408787066
865763913
-1356340256
204208838
-1450155387
-1245646176
2129508114
723021572
-1033798779
1336327369
-1310554503
376224453
896735469
963159238
-1951435113
-1352471926
-1666599921
-1521201034
2053827416
-2064895016
-685044087
-1945541899
-1216542294
1842813243
-1683546113
-1257870781
-732807597
-110802291
-967464182
-1469807837
179232254
-1356282504
-1492931217
-2058430651
1779708566
1316223544
-1584717933
32594342
-1311209002
270596261
432191278
-546544329
127473952
-2026903184
983212351
-2062474820
214289038
-839034964
972449599
201642743
-1183561914
-1428877680
1193505689
-173574651
128504594
-1213296773
198109528
-436449017
-434582224
439116855
911524642
-1105635069
894691941
986173825
-1016238748
864850445
729709656
816229833
-69316658
-1091252831
1654151708
1261527093
1545927169
1476225875
-521060850
-1889842197
-681842809
-1245511767
-2077971232
-185586801
1192431363
-1700723385
-1710966282
1146953994
-20598615
1606876237
-243516176
1066696077
-1237706769
1911921660
-320451449
488080853
-1716566908
-1817511265
-656272740
-1423853904
-997740927
2081345448
193416590
-693809729
-1436575266
727594008
-1185869109
-159311236
-1636782810
262702372
1952032425
-1957438594
1493942126
-1113240299
2027650422
265399291
-636677757
-1685760401
479771085
-1329314417
-1799461278
-719368875
1594604587
120003131
1625140972
1543148331
-78080063
912034479
615922906
-2000607107
-736067445
-1668694837
-1465536274
1221316894
-908753248
-671426973
340072554
403297940
1195258572
-1974886334
2080501189
2142768307
582867035
-2061707919
-629542756
1936784519
116371511
-50945351
1051199718
-631613065
-412085963
-789767579
-1105221268
1741825190
680548779
-1030774709
1819764087
-801103204
-144220603
-1142386163
-1109742134
2044102437
-730238440
-1699041380
231074002
1079442297
-749708297
-871495683
-1284548069
1553949340
1846332677
-1172804017
-23950074
1058275335
-1166005109
1422506764
-2139408711
1429398664
402050315
50617743
830980950
-1862875802
784850581
68092373
-768933266
-898784825
104968792
-1370206585
-1963481416
189389398
-1881267333
1179778871
1891077373
-1216700640
-384550611
518577898
-1959002538
-1354573890
-1395042821
-682400042
515072409
-1256986183
2083883104
1663108460
-1021046768
-169606871
-1082928990
-504344168
-1015856788
-737296481
-256872485
2005052998
-128302343
1833006404
1108644949
1701323304
-82088430
-1846654910
1999632155
-1238734922
-219442730
2047602274
1993752268
852130166
773571611
-963388171
-1427162190
-19652995
677039522
-897379592
1124487442
-1182844108
19178892
-2010390158
-27877435
193915487
-605442035
-902736351
936822279
102408795
1172223071
-1459868587
-1818212210
376302246
-687751688
806578202
1044117726
-890280540
-1813029634
-1597964388
488500443
1825059488
-1880688134
-1827850553
1630591903
101772304
1494495436
1772196141
2046423949
-858143204
1881040606
-892436947
-1629782618
-591949471
2120159388
385688400
-980557285
1926735345
-281912797
-980883210
2118902306
-1875314018
-1210243272
-1299010255
2024282892
-1966543752
1639882363
1696186608
1691297431
84310675
858960859
985994079
224062592
1421277709
-1343330740
-393662578
1259403612
811828814
-1594514249
1929244752
1328475816
-1459179119
-1579807182
1627459173
2139447326
-439993948
-2083454607
-1787761445
584233546
-1291008789
324185979
-1281538128
-1730884005
-384570454
1203447200
-608065348
430030654
-1473310334
744063657
-1279801651
-1740338200
-550776004
-490157231
1112421139
-1768103181
-98235195
-1377758732
-208537410
-2125108372
-1301169287
-1469651578
-534768923
-1548890390
53035171
2127444933
58580137
1494405347
1162528836
-2029696334
-1413095526
-682621126
1932384275
-410057411
-102194087
-1798567909
-658617659
528232254
-1953011331
-738647797
-714720370
1447902380
1223222458
2100423482
1638704614
79065096
505836096
-69578469
1572322704
417524762
405952096
-267200202
592331479
-110449441
-1109527179
-321566148
-840739046
888839105
-1802426879
942603355
1240241547
820851464
-518913770
968780755
-1434815437
1778738320
-397486858
1742659785
-318295751
1868871612
503455229
-1622785957
670093410
1945162410
-635262529
-1064936716
-732500773
1693180583
-930068371
-1541125152
811426614
-658073627
1653583996
906870306
-1755244622
-966154133
1437497479
761080453
-1564713793
-425718196
-506311820
182149872
864861632
1982493979
1858386646
280887038
1959014930
177703581
46093202
-704152114
15465548
-2054936896
-443426620
417804567
-1331709496
1419869900
-1053374237
46417278
36398690
-133244968
-2025287390
1065385003
1612667007
-814257026
2097943321
-46896743
-396789424
-130254382
602628260
460344749
1462975832
1325311887
2089144843
-836118262
-948428501
-1671872621
-47654302
-1573882973
2009116279
2060773517
-1009304013
-595142512
1695173960
1916721140
909807705
1687821093
2032428423
636268346
-1321920210
-398759615
1041208515
-951814079
-863466520
1623400163
1978924083
2003006733
1600663104
404291330
-568333573
154515131
387143252
1539745181
-2100270930
66826162
1795121869
553027343
-442932204
-1403374313
-924413628
2006126760
1499171372
-1159421050
1485002465
568245882
689047923
-1177019650
-115990715
1645689456
-1297955482
1941571100
-2075290199
-834479965
-1468023226
-1996791669
-1056449465
208209136
1150333211
-18517830
920999416
-462719547
-1194839046
757852368
-1744050658
1371486267
1983369865
-724852004
855886531
-1147016854
-1632964925
-778277807
-1316653822
1465430263
-955749896
-479226704
-727579739
-355741455
104290839
-1828965498
1227244559
-1213538595
-1790750929
-2055906919
-1565368996
-1519191537
910224691
1723179358
-151090746
-1133407429
1748753917
1622069933
124224074
1920178506
-1685889131
1183026615
-614236022
75112305
591065778
-979619529
-1121256715
1288360064
1265167744
644313063
-1326547164
-213662857
-1911228765
747260213
1621446279
339707231
1789176955
843733302
-1726570176
835677270
1891957929
-1741114406
-2105953458
1893697514
-132976686
1876082529
-970522642
1496892074
396291490
-114179571
-2053681347
-242546438
1485946131
674830105
-74221023
-1728935641
1978320111
675167977
-1857943446
990404795
616779923
1831157378
1005456691
-876590319
1157291253
-1314979269
-533404274
-1839586005
636269031
-1562462283
-503399073
-137930046
1846496156
1979077383
-1065353592
-363753314
593647723
962179902
-792719802
-1487855576
-979874093
420157956
-1442579238
-510183364
506781630
-1528108386
1547832171
-518473916
-1633040118
1372578843
-340972502
-878439807
-586167228
917261002
196468919
-935469396
95538614
1918350572
-1848632637
-194720323
914120611
-1411617110
1529086709
355939849
-2117845552
-375215800
1380567569
-880707950
1543142726
717416859
831449175
-1436693350
336426070
342649272
2101702440
-1987875207
-2069782819
-354197011
-695971601
2146172848
-851574071
1835429109
734643006
777237053
-1170482981
-175539354
-799072457
76130608
-1191084626
277351022
661644333
1842049149
940371703
1123520958
985383050
-658530796
265443597
-1872864059
1357235442
1011937327
-1095272276
-138263775
-756996696
2095873258
-1749232395
1334178898
-1658966479
851101464
2096240056
-1390228816
773868342
580176979
-589104650
-340239970
458247854
-302817196
-1325485407
2118789888
1282167356
1395157381
1926473125
-887660566
-668410923
-468266284
-216670933
201271449
-5429083
-2020129078
-1073305829
-2019539034
-590429645
-435877925
758655203
-955181960
1854849474
491747839
-317723785
-940527366
-90348038
-1448988287
-1592286312
-1721145715
1338957511
1316920086
1901836887
264724032
-1900645503
1178571056
17521116
1959143486
1498113869
-189762924
1602617955
904578695
-355647550
-2115596758
-1925256313
1701261026
-1001172529
-433784813
60732867
2019522578
-1697793829
729816064
1519398964
-2043140537
-1224991699
-1351114559
-1645398365
-1692906793
1363207821
-2095943396
1691151299
-1690211539
-662842325
1148321248
84202422
411722497
-560923968
-561050312
-767388971
644462025
1423421427
69446468
-1036233552
785318767
965669373
1324027877
-623763629
-2116905917
440350351
362384856
-874866997
2134716466
1239139314
108781318
419034344
-363219656
689698928
-1278320103
1485453635
161816851
-686349326
-1496179374
-1484270206
1812529720
1704056810
2024708761
1743149530
-2020113398
-1175072398
1770844373
1390732757
1367312969
2010898869
407473789
-2077073067
-1889366072
782334094
1289722223
1361953240
245185634
-285624978
1183447040
-242294788
1907287598
-234610047
163796819
1753784645
-1644465679
124878355
-1290812690
-146965986
2011580116
-1511967184
-1626365558
661359645
-268678826
774404747
537209642
801498251
80613763
-773977952
-1443713938
-691757278
1501220966
-1785457124
-1710675160
-720506600
469735611
-1176765060
-1719386065
439771228
-412746008
-104492813
-1064748429
-843666657
2638894
742799248
141352785
-958782571
466649371
-32360288
-551265240
-649034756
-348421309
1563744592
752565548
1429896925
-532721105
1700409495
1374780794
-1724346479
1593872276
-578300590
1547830379
2004340486
1749100231
-1003500880
1338188844
1546703042
799407984
-1084535089
362278286
-926364632
1452844925
845246375
-1094554342
-2096785926
893724762
58165798
-501996184
1070149151
-1232897186
-274196579
687561392
215082405
-2072030840
2107534682
-1583283295
155738376
1105732202
-444837227
1068790641
1505032884
698267236
2010681487
-2055270092
-1249228344
-59465707
1850990840
-1649692559
2064306460
-1528473329
2133057168
282222322
774642309
1660417481
-792077295
-1584219172
2021245527
-772561703
-299514548
-200004610
-1088473302
1300262242
1802727058
1264877421
-915983903
2003886282
-54331819
2107825232
-1720964633
705213360
-1537008370
7209719
-492484164
2002743837
1438562144
-1494597838
-1699764305
1690157817
1302109820
-81487136
543934188
2076634815
1975763655
2061379014
-796678983
-1440244364
1442530490
-182229343
-2064787972
111017940
1635301386
-1346287235
591821056
784259022
1280111880
1256857415
-1138819208
-14805965
-1836966839
-747470175
-806218557
1320743849
1889775753
1916220917
-1787222927
837477093
1435757260
1455050444
-587905787
-1474983400
-836784955
488063584
-1395291396
-1128809046
905229692
424847215
-2109667314
1211516453
498334762
-855391919
1269496499
156545907
2098484583
-710727603
-1862536728
-1517572276
10995334
-357883097
-1539118798
-817003799
1058548543
-261388803
1133355235
-450837507
2010517903
-1338234286
1756870299
-1903928091
-411111460
-1110027157
-2097921519
1527735325
1525553499
1431214553
1741552147
410154742
-1153559371
1118707031
-1701435958
1277660037
-113887000
-188533803
1241177667
150498782
1341830251
-709966124
-2013174742
-1236050814
-74227051
-1774909452
-1054241321
-2098694123
-1975512257
-903001654
-1874095730
1283586644
366422183
-1646915081
2115088386
531916869
1322626967
2056239221
-1996258533
-501009489
328619462
-1496242124
103871737
-991330356
-1248402819
-1638951707
1323770679
964558140
1393169789
1972058644
364491379
-43773635
913182751
-729778308
953112078
-2022982631
-826430275
1079893654
-1861709776
-2023427361
-78288816
-1324022413
-243012082
105013333
1829421658
111489739
695420015
66240812
1014970118
1750873941
124366955
-1594405003
1789278092
255527000
-1048420235
389083476
1309131994
1769009025
-1388549732
382017266
1539281008
-256285705
1290284301
-728321097
-791492725
-711597908
-1689841188
-153215303
1836379269
-1222751242
1623627523
87008879
1249272443
-944257955
-1127480918
2062922665
1201508144
-743774538
-384423000
-1320134716
1112913712
-862985872
1502557769
-1767210472
757921848
-2062030547
-2143279791
1516804277
-464714283
-1054809452
-1212897727
-1994692529
-1078948790
1333351781
-1237481512
2094899062
328293814
-1970799411
-966482468
-583972599
413781366
-328496902
751652121
1159068140
-895099449
-1084463630
1038637994
208119288
-1043913808
-714892384
-829185674
-568242125
-1618442978
1746344752
-969915139
-417461696
1933391184
725421467
-1892405164
1671821081
1165529973
1899820933
553044590
2092713210
1707265938
1197393478
314146972
1274958496
-268928599
1195711045
150004822
2100523955
1945198359
-1273929075
1390108987
313526399
-1930601923
1500880281
1941884758
-190456598
1024194659
-1562324110
-654940766
111608482
-436332072
-298803973
680448207
-784360811
-110170019
958614667
1808167494
1658732966
-611057726
-932475972
698616683
-628484963
-1221983023
872383106
540432673
1130397534
371123819
-1689592961
1127441298
-1597748387
1132926193
1988901268
-1797880273
-1681219247
-1132528667
773583547
776500214
1913254439
478112208
232989715
-1077101582
263846713
-122285467
1613198140
446992904
-1840031297
1667337958
406917348
525262831
1892704645
1447198918
-250228574
516547200
-895997218
-265700721
-980588030
1291507503
-1321727016
1338348293
266352352
27557337
-492900176
1397671563
1491272441
-325225793
1288783752
-1277719866
931643582
226731218
-1069321386
-905594752
-1410058389
-1355125712
-2039219681
-483708978
-838009256
542442734
-1237458331
-415376781
912546191
-1419283945
1508832222
1281552519
1331809182
-111932171
62181222
-103324845
74477741
-1672723314
-1364258251
-197553537
-1957726510
-660647567
-1524369324
114732910
1501644707
-1327898190
708325964
1256223465
-1567934708
-513408718
1583473185
-2070542086
-192885917
1963639331
-52825218
162879258
-59575623
1402956234
1422803761
-499646322
218937715
121513351
642402776
1454492941
1680627224
-1635873774
-1477231140
1289508262
702586475
1006661382
-82845538
-181003296
-652199492
-2129411933
908290800
307851042
-502193030
-1965911601
652627143
-569260971
1678530829
-355570594
568243246
2004640711
1945285090
-1631416942
59117436
854298962
1864718534
298894565
-1140326711
-703491396
-574269576
770112261
-562403171
594229345
-1258087048
1095214367
775267818
1563937807
-847245531
1259317344
-1276184260
80120368
-682528250
909668792
-1616460498
-591394514
1314212455
-1120057888
-140560865
-1902890222
327089704
2104954270
-1767419098
-1701071506
-1815424816
145891911
1079093826
-368702595
1491373288
699784837
124586965
1335592584
-1551962490
-1112672422
227084627
49084554
958309159
1692524900
-659084490
251716887
-403377470
1361495650
1783960117
1411931257
-929864167
-734212362
-1514473548
178513179
-402457007
1007731884
-479379075
996349738
-1973497403
-2098769862
740760752
-609235336
2008752662
1577539593
570381304
-1170205020
-266387578
181224180
608687359
909653368
-1192637050
-1469504689
2145098019
1834514321
-883147636
2493994
949347689
-1272405179
713264426
-415685931
350819761
1806513600
1266790492
939198119
1899652907
-1303327120
-677635807
358013179
285963785
-1284608861
-928427188
1583735675
-1353620874
277832557
1874899867
165644960
-1327181626
-1019598897
-1465092856
1970881144
-1024116498
73227540
-1278224545
1959431082
-1088603851
20235134
557323024
1107639479
1046274091
322694434
732444230
286432130
1595548122
-1684218608
1994211127
1604979474
1737944123
-1194920778
-1974925379
-1426173547
-783315221
-1598237819
-1638410715
-1310016857
-1851037154
846073044
2134746951
425302484
-57337645
643553285
-763001386
741470555
-1255241143
1763057381
-177306887
-1867366092
-886522191
2064682584
-960027622
1996145236
1468930852
-148533963
-391030275
-940994001
-716601129
-2045297298
-1698278125
-863006082
-1348217972
-675484812
213043983
1034748226
1720974155
-1400008743
-1713798727
-2079257336
2102816081
1646151478
2031301379
-1901598355
-1500882871
-852106162
494935641
632760292
961777593
-763035533
1875958589
880826550
-1879919938
639905320
-1615773422
-1887553462
422349308
-940559865
475625527
904981670
1844760783
1106666981
653690967
-1515055307
-480256571
-861820365
-623052802
1217511114
-920527280
1551534503
-1148366480
1191794148
-1239836233
894661402
817602742
-1524473549
164622158
149171635
-2113388808
-1069383077
-1296792602
1634069317
539590418
1466362615
-1737272698
1173593333
1831538528
-948601888
-146402214
-1400345056
-362732324
585766062
-270552085
-1766815365
905626475
462083966
1858027408
815697019
-1526745229
775316725
-392491228
681200886
1849431216
1082872965
-949219080
-857484023
1080315464
-2041025298
2142007819
-1972389572
249183260
1975083272
1323046264
-980407068
-1104371360
884741310
2123403055
-118458168
-655357843
-291066275
-1988258329
-1249986553
1613301717
297203726
-1254219693
-784728264
1030571192
-1934109279
460693907
2040091091
-1990080939
-1236151669
-362538771
1252133326
1150447331
-758641615
-8460100
873108875
-469258847
-266142617
1095477416
875606000
465354283
-1864439758
400123670
-2089257257
543820047
-498338091
-1744302622
337380265
-2059634272
-768985845
-594223541
-1865848251
1246485769
-1897133936
1272854574
-1310244315
1664065188
-340928538
1237327991
-1539957309
1127380364
-593892779
-452052268
-972581831
-73738384
643548210
927410858
-2002140889
1770472618
1270252388
1718128460
1144020696
1631240591
1669726243
-209055894
582147751
-710471416
2007676419
1616455623
2007573407
-1580759967
1188870449
1358344494
1183236961
-549948319
811744251
1917997478
-212930230
-140200038
-446011243
1445940452
114915284
-832329215
1888850713
-1732155392
690185276
1110940096
-1254094897
1736954987
1821132901
-1245336246
-1246430802
-2131274207
1468741372
1969067696
2109953315
266606874
-982196772
1933092915
1183218448
531556869
1553883826
-2051203559
1422993430
-2042575304
2126439908
-1093946941
-976679913
-233113887
-366227538
-1796552193
1227216374
-1401869439
-844477554
8641691
107919264
-1532606565
-2024630814
-979577542
918398544
-1965303896
1067974606
1589679466
2000673550
1439654221
-959263389
761717236
1713330040
1010827983
-1458089475
408768886
-1543933244
1321866694
460844780
-826798033
63091460
-741488368
-802826155
-957706982
976778924
-690952696
-1103182758
1662346301
822424145
119223544
-1617696648
-1768416702
-1195096397
-1185925941
739830065
46824774
1818145533
1287657990
-1554014230
-626344208
1879713610
844450041
-613426411
1686805445
1388854123
-1348288719
261651602
-1500044357
-1025782297
938156080
-339109294
-2068056053
1216794434
-834709153
-1747090115
1025249867
-1497170558
-2108747453
-1137649066
23554235
1808552942
1551128047
-330825189
938869726
997995288
1210531513
-2025668047
1560697164
1340114206
94205232
-960182976
1141243846
-244686292
1596250445
1577336092
-1482092405
1673787716
-1140345625
303956772
788908521
521519425
1421619820
484498159
-1020311786
-1820379624
1510476493
-633881820
-853319360
369600097
500997818
1081426088
-1802695199
-1483746027
-130093297
1665183743
-300036520
-1080724583
802302093
-771282709
-111803211
572897275
-2083342643
-69603239
851263956
-1972595846
800789104
-36899715
1174986924
-568177333
-290799973
-596185285
348160744
-101612134
-381998686
1197918920
1725252279
-2146704178
-889887486
-1401410415
-593908256
2026109713
-396957547
-1154790821
2044059160
-580447217
1115870464
331509163
-1852554601
670696189
-442472081
-316028569
-554111256
-618124580
566141060
366249404
708739840
1155811070
790636684
285484610
1192296594
-399591479
491924211
-778195362
1680875937
1735219130
1537447673
-134076440
1086850134
620567724
-1866865754
-1483313139
-1282916333
1264978266
-514097925
1291873909
527349703
2115908386
-1286123415
-1243735385
-1413694076
256958475
-1678496633
-132320340
-589145266
2062221577
-1463162882
274648562
479515956
-746681217
-376339513
776149875
-989677404
1185053956
-526861160
423236118
-546763525
1821210729
-916930661
1392071765
1316125020
-2046467333
-260639135
-469762017
-100502590
1822319365
1366433301
2098350079
-2120495785
-538437480
1940725236
-1670186372
1303588869
516951437
-441691908
555981763
-1271701171
-1150508598
-2123286813
2144990595
-2105385384
819197893
-752107446
518275352
749970763
-1697209018
-80238030
371412971
1065697247
-1364317072
1490001070
819222039
1988780847
-1507098367
1262944474
-27641008
180336852
-1527636520
-1355365877
-2016373248
-856513234
1829793463
723021383
-802114382
1546002180
906924618
1452173815
779311539
129297487
-1550272408
-1336988965
1252003062
-2003150766
796565655
-879448515
-1436211144
-498616594
-1577714475
777035369
1172439396
721307955
869645461
-931603621
872339255
1258968890
-1153661945
1908890298
-1522244569
-1699376335
1598870428
1636012805
-958448768
-1517020746
330146761
2056971787
-744926000
-802118807
-472483574
-1599029600
1079404933
-1873691716
2067412009
539383181
